// MilkShape 3D ASCII

Frames: 30
Frame: 1

Meshes: 6
"TOP" 0 0
4
0 -0.500000 0.500000 -0.500000 0.000000 0.000000 -1
0 -0.500000 0.500000 0.500000 0.000000 1.000000 -1
0 0.500000 0.500000 -0.500000 1.000000 0.000000 -1
0 0.500000 0.500000 0.500000 1.000000 1.000000 -1
1
0.000000 1.000000 0.000000
2
0 0 1 2 0 0 0 3
0 1 3 2 0 0 0 3
"BOTTOM" 0 1
4
0 -0.500000 -0.500000 0.500000 0.000000 0.000000 -1
0 -0.500000 -0.500000 -0.500000 0.000000 1.000000 -1
0 0.500000 -0.500000 0.500000 1.000000 0.000000 -1
0 0.500000 -0.500000 -0.500000 1.000000 1.000000 -1
1
0.000000 -1.000000 0.000000
2
0 0 1 2 0 0 0 3
0 1 3 2 0 0 0 3
"FRONT" 0 4
4
0 -0.500000 0.500000 0.500000 0.000000 0.000000 -1
0 -0.500000 -0.500000 0.500000 0.000000 1.000000 -1
0 0.500000 0.500000 0.500000 1.000000 0.000000 -1
0 0.500000 -0.500000 0.500000 1.000000 1.000000 -1
1
0.000000 0.000000 1.000000
2
0 0 1 2 0 0 0 1
0 1 3 2 0 0 0 1
"LEFT" 0 2
4
0 -0.500000 0.500000 -0.500000 0.000000 0.000000 -1
0 -0.500000 -0.500000 -0.500000 0.000000 1.000000 -1
0 -0.500000 0.500000 0.500000 1.000000 0.000000 -1
0 -0.500000 -0.500000 0.500000 1.000000 1.000000 -1
1
-1.000000 0.000000 0.000000
2
0 0 1 2 0 0 0 2
0 1 3 2 0 0 0 2
"BACK" 0 5
4
0 0.500000 0.500000 -0.500000 0.000000 0.000000 -1
0 0.500000 -0.500000 -0.500000 0.000000 1.000000 -1
0 -0.500000 0.500000 -0.500000 1.000000 0.000000 -1
0 -0.500000 -0.500000 -0.500000 1.000000 1.000000 -1
1
0.000000 0.000000 -1.000000
2
0 0 1 2 0 0 0 1
0 1 3 2 0 0 0 1
"RIGHT" 1 3
4
1 0.500000 0.500000 0.500000 0.000000 0.000000 -1
1 0.500000 -0.500000 0.500000 0.000000 1.000000 -1
1 0.500000 0.500000 -0.500000 1.000000 0.000000 -1
1 0.500000 -0.500000 -0.500000 1.000000 1.000000 -1
1
1.000000 0.000000 0.000000
2
1 0 1 2 0 0 0 2
1 1 3 2 0 0 0 2

Materials: 6
"3_Top"
0.200000 0.200000 0.200000 1.000000
0.800000 0.800000 0.800000 1.000000
0.000000 0.000000 0.000000 1.000000
0.000000 0.000000 0.000000 1.000000
0.000000
1.000000
"ct00.png"
""
"2_Bottom"
0.200000 0.200000 0.200000 1.000000
0.800000 0.800000 0.800000 1.000000
0.000000 0.000000 0.000000 1.000000
0.000000 0.000000 0.000000 1.000000
0.000000
1.000000
"ct02.png"
""
"4_Left"
0.200000 0.200000 0.200000 1.000000
0.800000 0.800000 0.800000 1.000000
0.000000 0.000000 0.000000 1.000000
0.000000 0.000000 0.000000 1.000000
0.000000
1.000000
"ct03.png"
""
"5_Right"
0.200000 0.200000 0.200000 1.000000
0.800000 0.800000 0.800000 1.000000
0.000000 0.000000 0.000000 1.000000
0.000000 0.000000 0.000000 1.000000
0.000000
1.000000
"ct03.png"
""
"1_Front"
0.200000 0.200000 0.200000 1.000000
0.800000 0.800000 0.800000 1.000000
0.000000 0.000000 0.000000 1.000000
0.000000 0.000000 0.000000 1.000000
0.000000
1.000000
"ct03.png"
""
"0_Back"
0.200000 0.200000 0.200000 1.000000
0.800000 0.800000 0.800000 1.000000
0.000000 0.000000 0.000000 1.000000
0.000000 0.000000 0.000000 1.000000
0.000000
1.000000
"ct03.png"
""

Bones: 0
GroupComments: 0
MaterialComments: 0
BoneComments: 0
ModelComment: 0
