// MilkShape 3D ASCII

Frames: 30
Frame: 1

Meshes: 2
"Light" 0 1
19
0 0.126863 0.754794 0.125438 0.000000 0.000000 -1
0 0.126863 0.757354 0.241344 0.000000 1.000000 -1
0 0.246257 0.754794 0.125438 1.000000 0.000000 -1
0 0.246257 0.757354 0.241344 1.000000 1.000000 -1
0 0.126863 0.754794 0.125438 -0.006250 0.029817 -1
0 0.126863 0.685710 0.125631 -0.004546 1.003125 -1
0 0.126863 0.688270 0.241539 1.018750 0.967058 -1
0 0.126863 0.757354 0.241344 1.017022 -0.006250 -1
0 0.246257 0.754794 0.125438 1.018678 0.029817 -1
0 0.246266 0.685710 0.125631 1.018750 1.003125 -1
0 0.126863 0.685710 0.125631 -0.006250 1.003125 -1
0 0.126863 0.757354 0.241344 -0.006250 -0.006250 -1
0 0.126863 0.688270 0.241539 -0.006250 1.003125 -1
0 0.246266 0.688270 0.241539 1.018750 1.003125 -1
0 0.246257 0.757354 0.241344 1.018678 -0.006250 -1
0 0.246257 0.757354 0.241344 -0.004522 -0.006250 -1
0 0.246266 0.688270 0.241539 -0.006250 0.967058 -1
0 0.246266 0.685710 0.125631 1.017046 1.003125 -1
0 0.246257 0.754794 0.125438 1.018750 0.029817 -1
9
0.000000 0.999756 -0.022082
-0.894427 -0.001249 -0.447212
-0.832050 -0.001550 -0.554698
-0.948683 0.000896 0.316227
-0.447214 0.002534 0.894424
0.447213 -0.002444 -0.894424
0.948683 -0.000806 -0.316228
0.832051 0.001606 0.554697
0.894428 0.001376 0.447210
10
0 0 1 2 0 0 0 1
0 1 3 2 0 0 0 1
0 4 5 6 1 2 3 2
0 4 6 7 1 3 4 2
0 8 9 10 5 6 2 2
0 8 10 4 5 2 1 2
0 11 12 13 4 3 7 2
0 11 13 14 4 7 8 2
0 15 16 17 8 7 6 2
0 15 17 18 8 6 5 2
"Manche" 0 0
20
0 0.246266 0.685710 0.125631 1.001470 -0.000906 -1
0 0.246266 0.688270 0.241539 0.003125 0.000000 -1
0 0.246266 0.344705 0.000587 0.582107 0.998433 -1
0 0.246266 0.204731 -0.001432 0.006250 0.993750 -1
0 0.246266 0.344705 0.000587 0.000000 0.000000 -1
0 0.246266 0.204731 -0.001432 0.000000 1.000000 -1
0 0.126863 0.344705 0.000587 1.000000 0.000000 -1
0 0.126863 0.204731 -0.001432 1.000000 1.000000 -1
0 0.126863 0.344705 0.000587 0.513357 1.001558 -1
0 0.126863 0.204731 -0.001432 0.006250 1.000000 -1
0 0.126863 0.685710 0.125631 0.870221 -0.000906 -1
0 0.126863 0.688270 0.241539 0.003125 0.290625 -1
0 0.126863 0.344705 0.000587 0.000000 0.000000 -1
0 0.126863 0.685710 0.125631 0.000000 1.000000 -1
0 0.246266 0.344705 0.000587 1.000000 0.000000 -1
0 0.246266 0.685710 0.125631 1.000000 1.000000 -1
0 0.126863 0.688270 0.241539 0.000000 0.000000 -1
0 0.126863 0.204731 -0.001432 0.000000 1.000000 -1
0 0.246266 0.688270 0.241539 1.000000 0.000000 -1
0 0.246266 0.204731 -0.001432 1.000000 1.000000 -1
9
0.948683 -0.000806 -0.316228
0.832051 0.001606 0.554697
1.000000 0.000000 0.000000
0.000000 0.014423 -0.999896
-1.000000 0.000000 0.000000
-0.832050 -0.001550 -0.554698
-0.948683 0.000896 0.316227
0.000000 0.344277 -0.938868
0.000000 -0.448990 0.893537
10
0 0 1 2 0 1 2 2
0 1 3 2 1 2 2 2
0 4 5 6 3 3 3 1
0 5 7 6 3 3 3 1
0 8 9 10 4 4 5 2
0 9 11 10 4 6 5 2
0 12 13 14 7 7 7 3
0 13 15 14 7 7 7 3
0 16 17 18 8 8 8 3
0 17 19 18 8 8 8 3

Materials: 2
"11_Wood"
0.200000 0.200000 0.200000 1.000000
0.800000 0.800000 0.800000 1.000000
0.000000 0.000000 0.000000 1.000000
0.000000 0.000000 0.000000 1.000000
0.000000
1.000000
"ct11.png"
""
"9_Torch"
0.200000 0.200000 0.200000 1.000000
0.800000 0.800000 0.800000 1.000000
0.000000 0.000000 0.000000 1.000000
0.000000 0.000000 0.000000 1.000000
0.000000
1.000000
"ct09.png"
""

Bones: 0
GroupComments: 0
MaterialComments: 0
BoneComments: 0
ModelComment: 0
